1	1	32.2 C
	2	
	3	Mareks HVT + SB1  (intervet) Hema
	4	
	5	ND + IBD Killed (Indo/Aster) && IB Lasata (MA5 Intervet)
	6	
	7	
2	8	Body: 65 Feed: 11
	9	Debeaking + K Cox
	10	29.5 C
	11	
	12	
	13	IBD Live (Ventri) 
	14	
3	15	Body: 110 Feed 16
	16	
	17	26.7 C
	18	
	19	
	20	
	21	
4	22	Body 165 Feed 18
	23	IBD Live 2 (Ventri)
	24	23.9 C
	25	
	26	
	27	
	28	
5	29	Body 230 Feed 25
	30	IB LOSATA (Ma5) Ventri
	31	
	32	
	33	
	34	
	35	  
6	36	Body 310 Feed 35
	37	
	38	
	39	
	40	
	41	
	42	Fowl Pox 1 (0.2Ml)(Ventri)
7	43	Body 400 Feed 40
	44	
	45	
	46	VVND Killed 1 (0.5ml) Aster//Indo
	47	
	48	
	49	
8	50	Body 490 Feed 49
	51	
	52	ND Killed (0.5ml) Ventri/Indo
	53	
	54	
	55	
	56	
9	57	Body 580 Feed 48
	58	
	59	
	60	
	61	
	62	
	63	
10	64	Body 670 Feed 49
	65	
	66	
	67	
	68	
	69	
	70	
11	71	Body 750 Feed 50
	72	
	73	
	74	
	75	
	76	
	77	
12	78	Body 830, 51 feed
	79	IB Lasota Ma5
	80	
	81	
	82	
	83	
	84	
13	85	Body 910, Feed 54
	86	Fowl Pox 2 (0.2ml)
	87	
	88	
	89	
	90	
	91	
14	92	Body 980, Feed 56
	93	Coryza 2 (0.5ml)
	94	
	95	
	96	
	97	
	98	
15	99	Body 1040, Feed 58
	100	Dewarming
	101	Lasota
	102	
	103	
	104	
	105	
16	106	Body 1090, Feed 60
	107	VVND Killed 2 (0.5ml) && ND Killed (Indo)
	108	
	109	
	110	
	111	
	112	
17	113	Body 1140, Feed 62
	114	
	115	
	116	
	117	
	118	
	119	
18	120	Body 1180, Feed 63
	121	
	122	
	123	
	124	
	125	
	126	
19	127	Body 1220, Feed 66
	128	
	129	
	130	
	131	
	132	
	133	
20	134	
	135	
	136	
	137	
	138	
	139	
	140	
21	141	
	142	
	143	
	144	
	145	
	146	
	147	
22	148	
	149	
	150	
	151	
	152	
	153	
	154	
23	155	
	156	
	157	
	158	
	159	
	160	
	161	
24	162	
	163	
	164	
	165	
	166	
	167	
	168	
25	169	
	170	
	171	
	172	
	173	
	174	
	175	
26	176	
	177	
	178	
	179	
	180	Deworming
	181	
	182	
27	183	Losota Double Dose
	184	
	185	
	186	
	187	
	188	
	189	
28	190	
	191	
	192	
	193	
	194	
	195	
	196	
29	197	
	198	
	199	
	200	
	201	
	202	
	203	
30	204	
	205	
	206	
	207	
	208	
	209	
	210	
31	211	
	212	
	213	
	214	
	215	
	216	
	217	
32	218	
	219	
	220	
	221	
	222	
	223	
	224	IB Losota
33	225	
	226	
	227	
	228	
	229	
	230	
	231	
34	232	
	233	
	234	
	235	
	236	
	237	
	238	
35	239	
	240	Deworming
	241	
	242	
	243	
	244	
	245	
36	246	
	247	
	248	
	249	
	250	
	251	
	252	
37	253	
	254	
	255	
	256	
	257	
	258	
	259	
38	260	
	261	
	262	
	263	
	264	
	265	
	266	
39	267	
	268	
	269	LOSATA
	270	
	271	
	272	
	273	
40	274	
	275	
	276	
	277	
	278	
	279	
	280	
41	281	
	282	
	283	
	284	
	285	
	286	
	287	
42	288	
	289	
	290	
	291	
	292	
	293	
	294	
43	295	
	296	
	297	
	298	
	299	
	300	Deworming
	301	
44	302	
	303	
	304	
	305	
	306	
	307	
	308	
45	309	
	310	
	311	
	312	
	313	
	314	IB Losata
	315	
46	316	
	317	
	318	
	319	
	320	
	321	
	322	
47	323	
	324	
	325	
	326	
	327	
	328	
	329	
48	330	
	331	
	332	
	333	
	334	
	335	
	336	
49	337	
	338	
	339	
	340	
	341	
	342	
	343	
50	344	
	345	
	346	
	347	
	348	
	349	
	350	
51	351	
	352	Deworming
	353	
	354	
	355	
	356	
	357	
52	358	Losata
	359	
	360	
	361	
	362	
	363	
	364	
53	365	
	366	
	367	
	368	
	369	
	370	
	371	
54	372	
	373	
	374	
	375	
	376	
	377	
	378	
55	379	
	380	
	381	
	382	
	383	
	384	
	385	
56	386	
	387	
	388	
	389	
	390	
	391	
	392	
57	393	
	394	
	395	
	396	
	397	
	398	
	399	
58	400	
	401	
	402	
	403	IB Losata
	404	
	405	
	406	
59	407	
	408	
	409	
	410	
	411	
	412	
	413	
60	414	
	415	
	416	
	417	
	418	
	419	
	420	Deworming
61	421	
	422	
	423	
	424	
	425	
	426	
	427	
62	428	
	429	
	430	
	431	
	432	
	433	
	434	
63	435	
	436	
	437	
	438	
	439	
	440	
	441	
64	442	
	443	
	444	
	445	
	446	
	447	
	448	LOSATA
65	449	
	450	
	451	
	452	
	453	
	454	
	455	
66	456	
	457	
	458	
	459	
	460	
	461	
	462	
67	463	
	464	
	465	
	466	
	467	
	468	
	469	
68	470	
	471	
	472	
	473	
	474	
	475	
	476	
69	477	
	478	
	479	
	480	
	481	
	482	
	483	
70	484	
	485	
	486	
	487	
	488	
	489	
	490	
71	491	
	492	
	493	IB Losata
	494	
	495	
	496	
	497	
72	498	
	499	
	500	
	501	
	502	
	503	
	504	
73	505	
	506	
	507	
	508	
	509	
	510	
	511	
74	512	
	513	
	514	
	515	
	516	
	517	
	518	
75	519	
	520	
	521	
	522	
	523	
	524	
	525	
76	526	
	527	
	528	
	529	
	530	
	531	
	532	
77	533	
	534	
	535	
	536	
	537	
	538	LOSATA
	539	
78	540	Deworming
	541	
	542	
	543	
	544	
	545	
	546	
79	547	
	548	
	549	
	550	
	551	
	552	
	553	
80	554	
	555	
	556	
	557	
	558	
	559	
	560	
81	561	
	562	
	563	
	564	
	565	
	566	
	567	
82	568	
	569	
	570	
	571	
	572	
	573	
	574	
83	575	
	576	
	577	
	578	
	579	
	580	
	581	
84	582	
	583	IB Losata
	584	
	585	
	586	
	587	
	588	
85	589	
	590	
	591	
	592	
	593	
	594	
	595	
86	596	
	597	
	598	
	599	
	600	Deworming
	601	
	602	
87	603	
	604	
	605	
	606	
	607	
	608	
	609	
88	610	
	611	
	612	
	613	
	614	
	615	
	616	
89	617	
	618	
	619	
	620	
	621	
	622	
	623	
90	624	
	625	
	626	
	627	
	628	
	629	
	630	
91	631	
	632	
	633	
	634	
	635	
	636	
	637	
92	638	
	639	
	640	
	641	
	642	
	643	
	644	